435172583,
439814750,
448246166,
418490417,
440430292,
432591209,
437605917
433127459,
448341458,
458965291,
454957167,
477359625,
466528292,
479748875,
431998000,
500133375,
502264542,
504672333,
489710875,
474838833,
5890166,
1068250,
1865083,
24309916,
504917,
83305084,
68220583,
68290542,
105290833,
69602792,
86115375,
99640125,
44155834,
23027041,
142480583,
171208,
193481791,
206233292,
201775375,
594458,
447458,
257875,
85327042,
183667,
192125,
85334,
68167,
207307875,
211641375,
64958,
22504167,
90414500,
117008083,
202416,
103458,
101167,
1572250,
237958,
204584,
996042,
22311000,
142000,
63750,
33610292,
92958,
854083,
70625,
35435541,
82125,
151709,
154500
748000,
444875,
65750,
245916,
156958,
83459,
170875,
229583,
253791,
1969875,
1764709,
493917,
629167,
486583,
2831959,
2520334,
413333,
391542,
56250,
189500,
5621042,
2704833,
21636292,
15437500,
16502667,
12628084,
13525625,
17452334,
1158834,
909542,
107292,
3225916,
56843791,
4708542,
4841542,
6950209,
24095084,
38732125,
9166458,
58791,
451125,
210208,
318833,
4760875,
304375,
269458,
70375,
87959,
198875,
346292,
119459,
649000,
629084,
359500,
72875,
62083,
1397416,
117458,
194541,
34419584,
51666,
178291,
499708,
527208,
204375,
66250,
779833,
80750,
54000,
66084,
48584,
76083,
50333,
43916,
94167,
89209,
45291,
131084,
78209,
67583,
67958,
85125,
122167,
98000,
47500,
72750,
56375,
64083,
47875,
61917,
52167,
71208,
115417,
99083,
53250,
45166,
57958,
88708,
74000,
153959,
58542,
111250,
117750,
125792,
45791,
150958,
25537292,
55042,
46458,
48292,
77166,
74458,
51500,
47000,
67333,
66375,
71875,
79500,
53750,
6414625,
110250,
130750,
52583,
85000,
82875,
47500,
48459,
46916,
80208,
88875,
66500,
47666,
47042,
50042,
48833,
64916,
61834,
67834,
65750,
48625,
1153917,
32158625,
48333,
34811459,
191500,
272166,
35532000,
66042917,
41252875,
236000,
122667,
162583,
262834,
47700584,
57125,
232291,
49458,
197959,
49209,
47791,
138875,
105542,
127625,
1103542,
759667,
153542,
56187791,
559750,
173834,
130166,
95542,
126875,
101334,
99666,
105250,
93583,
117500,
108667,
97708,
97083,
197167,
131250,
53208,
95542,
94958,
45500,
106708,
221208,
66917,
104500,
53375,
59625,
91167,
186250,
69791,
88042,
84459,
55125,
72916,
78708,
48834,
45041,
71458,
70917,
53334,
56667,
49916,
53208,
53041,
194209,
11446959,
74583,
246708,
77833,
2601541,
53042,
59792,
51125,
217959,
262750,
137250,
204375,
1685083,
209500,
174167,
328334,
420083,
543125,
416916,
365666,
516708,
7562166,
558500,
3400000,
1390333,
6108375,
7379125,
7876125,
8058292,
8146333,
8466042,
9907542,
9301083,
162875,
394666,
133167,
55500,
104708,
192708,
42041,
62500,
82959,
54250,
141375,
166584,
54791,
220417,
88250,
39667,
49750,
40791,
51000,
40625,
42375,
41875,
44792,
40958,
52375,
42541,
107375,
40542,
40041,
52709,
44750,
53333,
40083,
190459,
692917,
49000,
53833,
47833,
55834,
53958,
53000,
258209,
122459,
4216763042,
55917,
211042,
165334,
45084,
122833,
103417,
165042,
168125,
53084,
51292,
142166,
96541,
75459,
41167,
45583,
67625,
52291,
39708,
55666,
224500,
122250,
44167,
57291,
54500,
53959,
53375,
62542,
56292,
57459,
55583,
49250,
70334,
3111667,
19950917,
22747791,
6668667,
104083,
65875,
19688292,
4372167,
19842500,
176417,
388500,
165833,
214292,
61500,
115042,
2390875,
1484416,
2920916,
47208,
117333,
6920167,
24029125,
1044208,
353916,
200708,
53292,
368250,
242833,
1316625,
94125,
2155750,
166792,
88583,
80458,
479250,
3279417,
3979875,
4302750,
388583,
292708,
230708,
65041,
1250042,
731209,
310167,
91083,
2595041,
269792,
169708,
1531250,
166375,
1222708,
1679458,
4148458,
12474416,
43295208,
44572333,
44281500,
45467667,
24322417,
38192000,
27484375,
17577125,
1204542,
32811792,
31366667,
39040125,
23418667,
26748709,
19387458,
57708,
533959,
58667,
81084,
57291,
49875,
52000,
39792,
671958,
708500,
39584,
882000,
96458,
45375,
51084,
42958,
47166,
1306167,
30459,
1387334,
1575417,
813959,
501625,
46583,
1258333,
56000,
68750,
347167,
2575000,
38670959,
31465375,
56484834,
33118750,
5462042,
60464208,
38687500,
74274958,
52664792,
40311542,
1100378500,
1097533458,
1097941042,
1102584667,
1103199792,
1101356833,
1099118958,
1105457791,
1105119041,
1107026333,
1126946666,
1091283542,
1131439083,
991161917,
961871875,
1128268083,
1139816958,
978059375,
1149610750,
984125041,
1004400084,
990756250,
847088917,
849304708,
890818417,
848593916,
891558458,
852312750,
852218125,
898594917,
914987833,
914759417,
913447917,
920411333,
917138458,
915626042,
916377625,
916132291,
889866875,
917706542,
926400375,
921880291,
922869416,
923387167,
922154792,
908237667,
919898500,
920133500,
9207042,
92920677875,
920874000,
919170292,
913921916,
9186335,
84915823708,
907669250,
900843541,
908017333,
923220791,
917876458,
936231,
792885,
143166,
884247,
666878,
382542,
921119,
416895,
710250,
878345708,
862326583,
8526357,
508485594,
17850000917,
860448667,
855911833,
8492816,
66852023250,
9217895,
41947138458,
959441125,
787504667,
808045292,
712152250,
680805292,
64459145961,
722858361,
513541761,
6890250,
615675291,
610337333,
594108417,
607809125,
598228042,
619116167,
619816208,
612594833,
